╭─timothy@ths in ~/PycharmProjects/rijen via  v3.11.5 took 149ms
╰─λ python3 rijenberekenaar.py
[24, 13, 3, 40]
[11, 10, 37, 16]
[1, 27, 21, 5]
[26, 6, 16, 4]
[20, 10, 12, 22]
[10, 2, 10, 2]
[8, 8, 8, 8]
uitdovend_4_8

╭─timothy@ths in ~/PycharmProjects/rijen via  v3.11.5 took 152ms
╰─λ

╭─timothy@ths in ~/PycharmProjects/rijen via  v3.11.5 took 152ms
╰─λ python3 rijenberekenaar.py
[24, 13, 7, 44]
[11, 6, 37, 20]
[5, 31, 17, 9]
[26, 14, 8, 4]
[12, 6, 4, 22]
[6, 2, 18, 10]
[4, 16, 8, 4]
[12, 8, 4, 0]
[4, 4, 4, 12]
[0, 0, 8, 8]
[0, 8, 0, 8]
[8, 8, 8, 8]
uitdovend_4_13

╭─timothy@ths in ~/PycharmProjects/rijen via  v3.11.5 took 123ms
╰─λ python3 rijenberekenaar.py
[100, 100, 99, 99]
[0, 1, 0, 1]
[1, 1, 1, 1]
uitdovend_4_4

╭─timothy@ths in ~/PycharmProjects/rijen via  v3.11.5 took 133ms
╰─λ python3 rijenberekenaar.py
[24, 13, 7, 44]
[11, 6, 37, 20]
[5, 31, 17, 9]
[26, 14, 8, 4]
[12, 6, 4, 22]
[6, 2, 18, 10]
[4, 16, 8, 4]
[12, 8, 4, 0]
[4, 4, 4, 12]
[0, 0, 8, 8]
[0, 8, 0, 8]
[8, 8, 8, 8]
uitdovend_4_13

╭─timothy@ths in ~/PycharmProjects/rijen via  v3.11.5 took 144ms
╰─λ python3 rijenberekenaar.py
[100, 99, 1]
[1, 98, 99]
[97, 1, 98]
[96, 97, 1]
[1, 96, 95]
[95, 1, 94]
[94, 93, 1]
[1, 92, 93]
[91, 1, 92]
[90, 91, 1]
[1, 90, 89]
[89, 1, 88]
[88, 87, 1]
[1, 86, 87]
[85, 1, 86]
[84, 85, 1]
[1, 84, 83]
[83, 1, 82]
[82, 81, 1]
[1, 80, 81]
[79, 1, 80]
[78, 79, 1]
[1, 78, 77]
[77, 1, 76]
[76, 75, 1]
[1, 74, 75]
[73, 1, 74]
[72, 73, 1]
[1, 72, 71]
[71, 1, 70]
[70, 69, 1]
[1, 68, 69]
[67, 1, 68]
[66, 67, 1]
[1, 66, 65]
[65, 1, 64]
[64, 63, 1]
[1, 62, 63]
[61, 1, 62]
[60, 61, 1]
[1, 60, 59]
[59, 1, 58]
[58, 57, 1]
[1, 56, 57]
[55, 1, 56]
[54, 55, 1]
[1, 54, 53]
[53, 1, 52]
[52, 51, 1]
[1, 50, 51]
[49, 1, 50]
[48, 49, 1]
[1, 48, 47]
[47, 1, 46]
[46, 45, 1]
[1, 44, 45]
[43, 1, 44]
[42, 43, 1]
[1, 42, 41]
[41, 1, 40]
[40, 39, 1]
[1, 38, 39]
[37, 1, 38]
[36, 37, 1]
[1, 36, 35]
[35, 1, 34]
[34, 33, 1]
[1, 32, 33]
[31, 1, 32]
[30, 31, 1]
[1, 30, 29]
[29, 1, 28]
[28, 27, 1]
[1, 26, 27]
[25, 1, 26]
[24, 25, 1]
[1, 24, 23]
[23, 1, 22]
[22, 21, 1]
[1, 20, 21]
[19, 1, 20]
[18, 19, 1]
[1, 18, 17]
[17, 1, 16]
[16, 15, 1]
[1, 14, 15]
[13, 1, 14]
[12, 13, 1]
[1, 12, 11]
[11, 1, 10]
[10, 9, 1]
[1, 8, 9]
[7, 1, 8]
[6, 7, 1]
[1, 6, 5]
[5, 1, 4]
[4, 3, 1]
[1, 2, 3]
[1, 1, 2]
[0, 1, 1]
[1, 0, 1]
[1, 1, 0]
Cyclisch_103_3
